0000 8
0010 8
0020 8
0030 8
0040 8
0050 8
0100 8
0110 8
0120 8
0130 8
0140 9
0150 9
0200 9
0210 9
0220 9
0230 9
0240 9
0250 9
0300 9
0310 9
0320 9
0330 9
0340 9
0350 9
0400 9
0410 9
0420 9
0430 9
0440 9
0450 10
0500 10
0510 10
0520 10
0530 10
0540 10
0550 10
0600 10
0610 10
0620 10
0630 10
0640 10
0650 10
0700 10
0710 10
0720 9
0730 9
0740 9
0750 9
0800 8
0810 8
0820 7
0830 6
0840 5
0850 4
0900 3
0910 2
0920 1
0930 1
0940 1
0950 0
1000 0
1010 0
1020 0
1030 0
1040 0
1050 0
1100 0
1110 0
1120 0
1130 1
1140 0
1150 0
1200 0
1210 0
1220 0
1230 0
1240 1
1250 0
1300 0
1310 0
1320 0
1330 0
1340 0
1350 0
1400 0
1410 0
1420 0
1430 0
1440 0
1450 0
1500 0
1510 0
1520 0
1530 0
1540 0
1550 0
1600 0
1610 0
1620 0
1630 0
1640 1
1650 1
1700 1
1710 1
1720 2
1730 2
1740 2
1750 3
1800 3
1810 3
1820 3
1830 4
1840 4
1850 3
1900 2
1910 1
1920 1
1930 1
1940 1
1950 1
2000 1
2010 2
2020 2
2030 2
2040 2
2050 2
2100 3
2110 3
2120 3
2130 4
2140 4
2150 4
2200 4
2210 4
2220 5
2230 5
2240 5
2250 6
2300 6
2310 6
2320 7
2330 7
2340 7
2350 8
