0 344 J 10
600 344 J 10
1200 344 J 10
1800 344 J 10
2400 344 J 10
3000 344 J 10
3600 344 J 10
4200 344 J 10
4800 344 J 10
5400 344 J 10
6000 344 J 10
6600 344 J 10
7200 344 J 10
7800 344 J 10
8400 344 J 10
9000 344 J 10
9600 344 J 10
10200 344 J 10
10800 344 J 10
11400 344 J 10
12000 344 J 10
12600 344 J 10
13200 344 J 10
13800 344 J 10
14400 344 J 10
15000 344 J 10
15600 344 J 10
16200 344 J 10
16800 344 J 10
17400 344 J 10
18000 344 J 10
18600 344 J 10
19200 344 J 10
19800 344 J 10
20400 344 J 10
21000 344 J 10
21600 344 J 10
22200 344 J 10
22800 344 J 10
23400 344 J 10
24000 344 J 10
24600 344 J 10
25200 344 J 10
25800 344 J 10
26400 309 J 9
27000 275 J 8
27600 275 J 8
28200 275 J 8
28800 240 J 7
29400 240 J 7
30000 240 J 7
30600 240 J 7
31200 206 J 6
31800 206 J 6
32400 206 J 6
33000 206 J 6
33600 206 J 6
34200 172 J 5
34800 172 J 5
35400 172 J 5
36000 137 J 4
36600 137 J 4
37200 137 J 4
37800 103 J 3
38400 103 J 3
39000 68 J 2
39600 68 J 2
40200 68 J 2
40800 34 J 1
41400 34 J 1
42000 34 J 1
42600 34 J 1
43200 34 J 1
43800 0 J 0
44400 0 J 0
45000 0 J 0
45600 0 J 0
46200 0 J 0
46800 0 J 0
47400 0 J 0
48000 0 J 0
48600 0 J 0
49200 0 J 0
49800 0 J 0
50400 0 J 0
51000 0 J 0
51600 0 J 0
52200 0 J 0
52800 0 J 0
53400 0 J 0
54000 0 J 0
54600 0 J 0
55200 0 J 0
55800 0 J 0
56400 0 J 0
57000 34 J 1
57600 34 J 1
58200 34 J 1
58800 34 J 1
59400 34 J 1
60000 34 J 1
60600 34 J 1
61200 68 J 2
61800 68 J 2
62400 103 J 3
63000 103 J 3
63600 103 J 3
64200 137 J 4
64800 137 J 4
65400 137 J 4
66000 137 J 4
66600 137 J 4
67200 172 J 5
67800 172 J 5
68400 172 J 5
69000 172 J 5
69600 172 J 5
70200 172 J 5
70800 172 J 5
71400 172 J 5
72000 206 J 6
72600 206 J 6
73200 240 J 7
73800 240 J 7
74400 240 J 7
75000 275 J 8
75600 275 J 8
76200 275 J 8
76800 275 J 8
77400 275 J 8
78000 275 J 8
78600 309 J 9
79200 309 J 9
79800 309 J 9
80400 309 J 9
81000 309 J 9
81600 309 J 9
82200 309 J 9
82800 309 J 9
83400 309 J 9
84000 309 J 9
84600 309 J 9
85200 309 J 9
85800 344 J 10
