21600 268 F 10
22200 268 F 10
22800 268 F 10
23400 268 F 10
24000 268 F 10
24600 268 F 10
25200 241 F 9
25800 241 F 9
26400 241 F 9
27000 241 F 9
27600 241 F 9
28200 241 F 9
28800 214 F 8
29400 214 F 8
30000 187 F 7
30600 160 F 6
31200 134 F 5
31800 107 F 4
32400 80 F 3
33000 53 F 2
33600 26 F 1
34200 26 F 1
34800 26 F 1
35400 26 F 1
36000 26 F 1
36600 26 F 1
37200 26 F 1
37800 26 F 1
38400 26 F 1
39000 0 F 0
39600 0 F 0
40200 0 F 0
40800 0 F 0
41400 26 F 1
42000 0 F 0
42600 0 F 0
43200 0 F 0
43800 0 F 0
44400 0 F 0
45000 0 F 0
45600 0 F 0
46200 26 F 1
46800 0 F 0
47400 26 F 1
48000 0 F 0
48600 0 F 0
49200 0 F 0
49800 26 F 1
50400 26 F 1
51000 0 F 0
51600 0 F 0
52200 0 F 0
52800 26 F 1
53400 0 F 0
54000 0 F 0
54600 0 F 0
55200 0 F 0
55800 0 F 0
56400 0 F 0
57000 0 F 0
57600 26 F 1
58200 26 F 1
58800 26 F 1
59400 26 F 1
60000 26 F 1
60600 26 F 1
61200 26 F 1
61800 26 F 1
62400 26 F 1
63000 26 F 1
63600 26 F 1
64200 26 F 1
64800 26 F 1
65400 26 F 1
66000 0 F 0
66600 0 F 0
67200 26 F 1
67800 0 F 0
68400 0 F 0
69000 0 F 0
69600 26 F 1
70200 0 F 0
70800 26 F 1
71400 26 F 1
72000 26 F 1
72600 26 F 1
73200 53 F 2
73800 53 F 2
74400 53 F 2
75000 53 F 2
75600 53 F 2
76200 53 F 2
76800 80 F 3
77400 107 F 4
78000 134 F 5
78600 160 F 6
79200 160 F 6
79800 160 F 6
80400 160 F 6
81000 187 F 7
81600 187 F 7
82200 187 F 7
82800 214 F 8
83400 214 F 8
84000 214 F 8
84600 241 F 9
85200 241 F 9
85800 241 F 9
0 241 F 9
