25200 268 F 10
25800 268 F 10
26400 268 F 10
27000 268 F 10
27600 268 F 10
28200 268 F 10
28800 268 F 10
29400 241 F 9
30000 241 F 9
30600 241 F 9
31200 214 F 8
31800 187 F 7
32400 160 F 6
33000 160 F 6
33600 134 F 5
34200 107 F 4
34800 80 F 3
35400 53 F 2
36000 26 F 1
36600 26 F 1
37200 26 F 1
37800 26 F 1
38400 26 F 1
39000 0 F 0
39600 0 F 0
40200 0 F 0
40800 0 F 0
41400 0 F 0
42000 0 F 0
42600 0 F 0
43200 26 F 1
43800 0 F 0
44400 0 F 0
45000 0 F 0
45600 0 F 0
46200 0 F 0
46800 0 F 0
47400 26 F 1
48000 0 F 0
48600 0 F 0
49200 0 F 0
49800 26 F 1
50400 0 F 0
51000 26 F 1
51600 26 F 1
52200 26 F 1
52800 26 F 1
53400 26 F 1
54000 26 F 1
54600 26 F 1
55200 26 F 1
55800 26 F 1
56400 26 F 1
57000 26 F 1
57600 26 F 1
58200 26 F 1
58800 26 F 1
59400 26 F 1
60000 53 F 2
60600 53 F 2
61200 53 F 2
61800 80 F 3
62400 80 F 3
63000 107 F 4
63600 107 F 4
64200 107 F 4
64800 107 F 4
65400 134 F 5
66000 134 F 5
66600 134 F 5
67200 160 F 6
67800 160 F 6
68400 187 F 7
69000 187 F 7
69600 187 F 7
70200 187 F 7
70800 187 F 7
71400 187 F 7
72000 214 F 8
72600 214 F 8
73200 214 F 8
73800 214 F 8
74400 214 F 8
75000 214 F 8
75600 214 F 8
76200 214 F 8
76800 214 F 8
77400 214 F 8
78000 214 F 8
78600 214 F 8
79200 241 F 9
79800 241 F 9
80400 241 F 9
81000 241 F 9
81600 241 F 9
82200 241 F 9
82800 241 F 9
83400 241 F 9
84000 241 F 9
84600 241 F 9
85200 241 F 9
85800 241 F 9
86400 241 F 9
