0700	10
0710	10
0720	10
0730	10
0740	10
0750	10
0800	10
0810	9
0820	9
0830	9
0840	8
0850	7
0900	6
0910	6
0920	5
0930	4
0940	3
0950	2
1000	1
1010	1
1020	1
1030	1
1040	1
1050	0
1100	0
1110	0
1120	0
1130	0
1140	0
1150	0
1200	1
1210	0
1220	0
1230	0
1240	0
1250	0
1300	0
1310	1
1320	0
1330	0
1340	0
1350	1
1400	0
1410	1
1420	1
1430	1
1440	1
1450	1	
1500	1
1510	1	
1520	1	
1530	1
1540	1
1550	1
1600	1
1610	1
1620	1
1630	1
1640	2
1650	2
1700	2
1710	3
1720	3
1730	4
1740	4
1750 	4
1800	4	
1810	5
1820	5	
1830	5
1840	6
1850	6
1900	7
1910	7
1920	7
1930	7
1940	7
1950	7	
2000	8
2010	8
2020	8
2030	8
2040	8
2050	8
2100	8
2110	8
2120	8
2130	8
2140	8
2150	8
2200	9
2210	9
2220	9
2230	9
2240	9
2250	9
2300	9
2310	9
2320	9
2330	9
2340	9
2350	9
0000	9






















































































