0 214 F 8
600 214 F 8
1200 214 F 8
1800 214 F 8
2400 214 F 8
3000 214 F 8
3600 214 F 8
4200 214 F 8
4800 214 F 8
5400 214 F 8
6000 241 F 9
6600 241 F 9
7200 241 F 9
7800 241 F 9
8400 241 F 9
9000 241 F 9
9600 241 F 9
10200 241 F 9
10800 241 F 9
11400 241 F 9
12000 241 F 9
12600 241 F 9
13200 241 F 9
13800 241 F 9
14400 241 F 9
15000 241 F 9
15600 241 F 9
16200 241 F 9
16800 241 F 9
17400 268 F 10
18000 268 F 10
18600 268 F 10
19200 268 F 10
19800 268 F 10
20400 268 F 10
21000 268 F 10
21600 268 F 10
22200 268 F 10
22800 268 F 10
23400 268 F 10
24000 268 F 10
24600 268 F 10
25200 268 F 10
25800 268 F 10
26400 241 F 9
27000 241 F 9
27600 241 F 9
28200 241 F 9
28800 214 F 8
29400 214 F 8
30000 187 F 7
30600 160 F 6
31200 134 F 5
31800 107 F 4
32400 80 F 3
33000 53 F 2
33600 26 F 1
34200 26 F 1
34800 26 F 1
35400 0 F 0
36000 0 F 0
36600 0 F 0
37200 0 F 0
37800 0 F 0
38400 0 F 0
39000 0 F 0
39600 0 F 0
40200 0 F 0
40800 0 F 0
41400 26 F 1
42000 0 F 0
42600 0 F 0
43200 0 F 0
43800 0 F 0
44400 0 F 0
45000 0 F 0
45600 26 F 1
46200 0 F 0
46800 0 F 0
47400 0 F 0
48000 0 F 0
48600 0 F 0
49200 0 F 0
49800 0 F 0
50400 0 F 0
51000 0 F 0
51600 0 F 0
52200 0 F 0
52800 0 F 0
53400 0 F 0
54000 0 F 0
54600 0 F 0
55200 0 F 0
55800 0 F 0
56400 0 F 0
57000 0 F 0
57600 0 F 0
58200 0 F 0
58800 0 F 0
59400 0 F 0
60000 26 F 1
60600 26 F 1
61200 26 F 1
61800 26 F 1
62400 53 F 2
63000 53 F 2
63600 53 F 2
64200 80 F 3
64800 80 F 3
65400 80 F 3
66000 80 F 3
66600 107 F 4
67200 107 F 4
67800 80 F 3
68400 53 F 2
69000 26 F 1
69600 26 F 1
70200 26 F 1
70800 26 F 1
71400 26 F 1
72000 26 F 1
72600 53 F 2
73200 53 F 2
73800 53 F 2
74400 53 F 2
75000 53 F 2
75600 80 F 3
76200 80 F 3
76800 80 F 3
77400 107 F 4
78000 107 F 4
78600 107 F 4
79200 107 F 4
79800 107 F 4
80400 134 F 5
81000 134 F 5
81600 134 F 5
82200 160 F 6
82800 160 F 6
83400 160 F 6
84000 187 F 7
84600 187 F 7
85200 187 F 7
85800 214 F 8
