0000 10
0010 10
0020 10
0030 10
0040 10
0050 10
0100 10
0110 10
0120 10
0130 10
0140 10
0150 10
0200 10
0210 10
0220 10
0230 10
0240 10
0250 10
0300 10
0310 10
0320 10
0330 10
0340 10
0350 10
0400 10
0410 10
0420 10
0430 10
0440 10
0450 10
0500 10
0510 10
0520 10
0530 10
0540 10
0550 10
0600 10
0610 10
0620 10
0630 10
0640 10
0650 10
0700 10
0710 10
0720 9
0730 8
0740 8
0750 8
0800 7
0810 7
0820 7
0830 7
0840 6
0850 6
0900 6
0910 6
0920 6
0930 5
0940 5
0950 5
1000 4
1010 4
1020 4
1030 3
1040 3
1050 2
1100 2
1110 2
1120 1
1130 1
1140 1
1150 1
1200 1
1210 0
1220 0
1230 0
1240 0
1250 0
1300 0
1310 0
1320 0
1330 0
1340 0
1350 0
1400 0
1410 0
1420 0
1430 0
1440 0
1450 0
1500 0
1510 0
1520 0
1530 0
1540 0
1550 1
1600 1
1610 1
1620 1
1630 1
1640 1
1650 1
1700 2
1710 2
1720 3
1730 3
1740 3
1750 4
1800 4
1810 4
1820 4
1830 4
1840 5
1850 5
1900 5
1910 5
1920 5
1930 5
1940 5
1950 5
2000 6
2010 6
2020 7
2030 7
2040 7
2050 8
2100 8
2110 8
2120 8
2130 8
2140 8
2150 9
2200 9
2210 9
2220 9
2230 9
2240 9
2250 9
2300 9
2310 9
2320 9
2330 9
2340 9
2350 10
