0000 9
0010 9
0020 9
0030 9
0040 9
0050 9
0100 9
0110 9
0120 9
0130 9
0140 9
0150 9
0200 9
0210 9
0220 9
0230 9
0240 9
0250 9
0300 9
0310 9
0320 9
0330 10
0340 10
0350 10
0400 10
0410 10
0420 10
0430 10
0440 10
0450 10
0500 10
0510 10
0520 10
0530 10
0540 10
0550 10
0600 10
0610 10
0620 10
0630 9
0640 9
0650 9
0700 9
0710 9
0720 9
0730 9
0740 9
0750 9
0800 9
0810 8
0820 8
0830 7
0840 7
0850 7
0900 6
0910 5
0920 4
0930 3
0940 2
0950 1
1000 1
1010 1
1020 1
1030 1
1040 1
1050 1
1100 1
1110 1
1120 1
1130 1
1140 1
1150 1
1200 1
1210 1
1220 1
1230 1
1240 1
1250 1
1300 1
1310 1
1320 1
1330 1
1340 1
1350 1
1400 1
1410 1
1420 1
1430 1
1440 1
1450 1
1500 1
1510 1
1520 1
1530 1
1540 1
1550 1
1600 1
1610 1
1620 1
1630 1
1640 2
1650 2
1700 2
1710 2
1720 2
1730 3
1740 3
1750 3
1800 3
1810 4
1820 4
1830 4
1840 4
1850 4
1900 4
1910 5
1920 5
1930 5
1940 5
1950 5
2000 5
2010 5
2020 5
2030 6
2040 6
2050 6
2100 6
2110 7
2120 7
2130 7
2140 8
2150 8
2200 8
2210 8
2220 8
2230 8
2240 8
2250 8
2300 8
2310 8
2320 8
2330 8
2340 9
2350 9
