0 241 F 9
600 241 F 9
1200 241 F 9
1800 241 F 9
2400 241 F 9
3000 241 F 9
3600 241 F 9
4200 241 F 9
4800 241 F 9
5400 241 F 9
6000 241 F 9
6600 241 F 9
7200 241 F 9
7800 241 F 9
8400 241 F 9
9000 241 F 9
9600 241 F 9
10200 241 F 9
10800 241 F 9
11400 241 F 9
12000 241 F 9
12600 268 F 10
13200 268 F 10
13800 268 F 10
14400 268 F 10
15000 268 F 10
15600 268 F 10
16200 268 F 10
16800 268 F 10
17400 268 F 10
18000 268 F 10
18600 268 F 10
19200 268 F 10
19800 268 F 10
20400 268 F 10
21000 268 F 10
21600 268 F 10
22200 268 F 10
22800 268 F 10
23400 241 F 9
24000 241 F 9
24600 241 F 9
25200 241 F 9
25800 241 F 9
26400 241 F 9
27000 241 F 9
27600 241 F 9
28200 241 F 9
28800 241 F 9
29400 214 F 8
30000 214 F 8
30600 187 F 7
31200 187 F 7
31800 187 F 7
32400 160 F 6
33000 134 F 5
33600 107 F 4
34200 80 F 3
34800 53 F 2
35400 26 F 1
36000 26 F 1
36600 26 F 1
37200 26 F 1
37800 26 F 1
38400 26 F 1
39000 26 F 1
39600 26 F 1
40200 26 F 1
40800 26 F 1
41400 26 F 1
42000 26 F 1
42600 26 F 1
43200 26 F 1
43800 26 F 1
44400 26 F 1
45000 26 F 1
45600 26 F 1
46200 26 F 1
46800 26 F 1
47400 26 F 1
48000 26 F 1
48600 26 F 1
49200 26 F 1
49800 26 F 1
50400 26 F 1
51000 26 F 1
51600 26 F 1
52200 26 F 1
52800 26 F 1
53400 26 F 1
54000 26 F 1
54600 26 F 1
55200 26 F 1
55800 26 F 1
56400 26 F 1
57000 26 F 1
57600 26 F 1
58200 26 F 1
58800 26 F 1
59400 26 F 1
60000 53 F 2
60600 53 F 2
61200 53 F 2
61800 53 F 2
62400 53 F 2
63000 80 F 3
63600 80 F 3
64200 80 F 3
64800 80 F 3
65400 107 F 4
66000 107 F 4
66600 107 F 4
67200 107 F 4
67800 107 F 4
68400 107 F 4
69000 134 F 5
69600 134 F 5
70200 134 F 5
70800 134 F 5
71400 134 F 5
72000 134 F 5
72600 134 F 5
73200 134 F 5
73800 160 F 6
74400 160 F 6
75000 160 F 6
75600 160 F 6
76200 187 F 7
76800 187 F 7
77400 187 F 7
78000 214 F 8
78600 214 F 8
79200 214 F 8
79800 214 F 8
80400 214 F 8
81000 214 F 8
81600 214 F 8
82200 214 F 8
82800 214 F 8
83400 214 F 8
84000 214 F 8
84600 214 F 8
85200 241 F 9
85800 241 F 9
