0 309 J 9
600 309 J 9
1200 309 J 9
1800 309 J 9
2400 309 J 9
3000 309 J 9
3600 309 J 9
4200 309 J 9
4800 309 J 9
5400 309 J 9
6000 309 J 9
6600 309 J 9
7200 309 J 9
7800 309 J 9
8400 309 J 9
9000 309 J 9
9600 309 J 9
10200 309 J 9
10800 344 J 10
11400 344 J 10
12000 344 J 10
12600 344 J 10
13200 344 J 10
13800 344 J 10
14400 344 J 10
15000 344 J 10
15600 344 J 10
16200 344 J 10
16800 344 J 10
17400 344 J 10
18000 344 J 10
18600 344 J 10
19200 344 J 10
19800 344 J 10
20400 344 J 10
21000 344 J 10
21600 344 J 10
22200 344 J 10
22800 344 J 10
23400 344 J 10
24000 344 J 10
24600 344 J 10
25200 344 J 10
25800 309 J 9
26400 309 J 9
27000 309 J 9
27600 309 J 9
28200 309 J 9
28800 309 J 9
29400 309 J 9
30000 309 J 9
30600 275 J 8
31200 240 J 7
31800 240 J 7
32400 206 J 6
33000 206 J 6
33600 172 J 5
34200 137 J 4
34800 103 J 3
35400 103 J 3
36000 68 J 2
36600 68 J 2
37200 34 J 1
37800 34 J 1
38400 34 J 1
39000 34 J 1
39600 34 J 1
40200 34 J 1
40800 34 J 1
41400 0 J 0
42000 0 J 0
42600 0 J 0
43200 0 J 0
43800 0 J 0
44400 34 J 1
45000 0 J 0
45600 0 J 0
46200 0 J 0
46800 0 J 0
47400 0 J 0
48000 0 J 0
48600 0 J 0
49200 0 J 0
49800 0 J 0
50400 0 J 0
51000 0 J 0
51600 0 J 0
52200 0 J 0
52800 0 J 0
53400 34 J 1
54000 34 J 1
54600 34 J 1
55200 34 J 1
55800 34 J 1
56400 34 J 1
57000 34 J 1
57600 68 J 2
58200 68 J 2
58800 68 J 2
59400 68 J 2
60000 137 J 4
60600 137 J 4
61200 137 J 4
61800 137 J 4
62400 137 J 4
63000 137 J 4
63600 172 J 5
64200 172 J 5
64800 172 J 5
65400 172 J 5
66000 206 J 6
66600 206 J 6
67200 206 J 6
67800 206 J 6
68400 206 J 6
69000 206 J 6
69600 206 J 6
70200 206 J 6
70800 240 J 7
71400 240 J 7
72000 240 J 7
72600 240 J 7
73200 275 J 8
73800 275 J 8
74400 275 J 8
75000 275 J 8
75600 275 J 8
76200 275 J 8
76800 275 J 8
77400 275 J 8
78000 275 J 8
78600 275 J 8
79200 275 J 8
79800 275 J 8
80400 275 J 8
81000 275 J 8
81600 309 J 9
82200 309 J 9
82800 309 J 9
83400 309 J 9
84000 309 J 9
84600 309 J 9
85200 309 J 9
85800 309 J 9
